n;c;s;c_n;s_n
1000;8258.00;2787.00;8.26;2.79
2000;16904.00;6479.00;8.45;3.24
3000;28964.00;9221.00;9.65;3.07
4000;40355.00;13150.00;10.09;3.29
5000;49778.00;17133.00;9.96;3.43
6000;65020.00;18606.00;10.84;3.10
7000;77068.00;23250.00;11.01;3.32
8000;89632.00;26314.00;11.20;3.29
9000;97469.00;32585.00;10.83;3.62
10000;120287.00;33207.00;12.03;3.32
11000;123507.00;39952.00;11.23;3.63
12000;136355.00;42833.00;11.36;3.57
13000;156807.00;47668.00;12.06;3.67
14000;156828.00;52764.00;11.20;3.77
15000;177351.00;54416.00;11.82;3.63
16000;180758.00;60791.00;11.30;3.80
17000;192374.00;66143.00;11.32;3.89
18000;214257.00;65285.00;11.90;3.63
19000;255860.00;67815.00;13.47;3.57
20000;256384.00;71651.00;12.82;3.58
21000;257324.00;78148.00;12.25;3.72
22000;266737.00;85838.00;12.12;3.90
23000;279662.00;90262.00;12.16;3.92
24000;303122.00;90034.00;12.63;3.75
25000;319030.00;95889.00;12.76;3.84
26000;340835.00;96625.00;13.11;3.72
27000;334813.00;103293.00;12.40;3.83
28000;365084.00;108342.00;13.04;3.87
29000;388926.00;109551.00;13.41;3.78
30000;368942.00;120545.00;12.30;4.02
31000;402564.00;118171.00;12.99;3.81
32000;414701.00;131687.00;12.96;4.12
33000;435064.00;126341.00;13.18;3.83
34000;448607.00;129289.00;13.19;3.80
35000;444209.00;139721.00;12.69;3.99
36000;498400.00;133297.00;13.84;3.70
37000;515051.00;133100.00;13.92;3.60
38000;498907.00;145141.00;13.13;3.82
39000;546924.00;149030.00;14.02;3.82
40000;578641.00;154788.00;14.47;3.87
41000;570647.00;163513.00;13.92;3.99
42000;556130.00;171138.00;13.24;4.07
43000;593774.00;178349.00;13.81;4.15
44000;597483.00;170970.00;13.58;3.89
45000;591418.00;181560.00;13.14;4.03
46000;620784.00;180885.00;13.50;3.93
47000;705725.00;180542.00;15.02;3.84
48000;645711.00;190472.00;13.45;3.97
49000;643279.00;199860.00;13.13;4.08
50000;724929.00;202939.00;14.50;4.06
