n;c;s;c_n;s_n
1000;8064.41;2824.99;8.06;2.82
2000;18245.96;6034.47;9.12;3.02
3000;28828.92;9482.86;9.61;3.16
4000;40343.19;13018.13;10.09;3.25
5000;52169.51;16422.94;10.43;3.28
6000;64548.66;20239.26;10.76;3.37
7000;77240.76;24016.13;11.03;3.43
8000;89018.25;27709.12;11.13;3.46
9000;101557.18;31389.83;11.28;3.49
10000;115159.03;35228.33;11.52;3.52
11000;129094.55;38770.80;11.74;3.52
12000;140479.64;43069.05;11.71;3.59
13000;154428.72;46874.54;11.88;3.61
14000;169267.19;50509.88;12.09;3.61
15000;183517.20;54289.15;12.23;3.62
16000;194121.34;58715.87;12.13;3.67
17000;208199.41;62988.55;12.25;3.71
18000;222654.67;66494.61;12.37;3.69
19000;237520.87;70524.75;12.50;3.71
20000;248666.11;75038.36;12.43;3.75
21000;263309.69;78834.77;12.54;3.75
22000;276797.49;82650.27;12.58;3.76
23000;293224.20;87499.82;12.75;3.80
24000;309613.29;90175.63;12.90;3.76
25000;320493.70;95299.93;12.82;3.81
26000;338549.63;98401.23;13.02;3.78
27000;350315.34;103234.39;12.97;3.82
28000;363549.24;107391.24;12.98;3.84
29000;379758.31;111493.86;13.10;3.84
30000;394857.30;115724.42;13.16;3.86
31000;410740.22;119415.00;13.25;3.85
32000;423736.14;123672.26;13.24;3.86
33000;438076.45;128119.64;13.28;3.88
34000;451278.71;132325.71;13.27;3.89
35000;467736.37;136113.79;13.36;3.89
36000;481071.70;140857.42;13.36;3.91
37000;498065.98;144478.42;13.46;3.90
38000;512067.11;148960.54;13.48;3.92
39000;528235.13;153187.26;13.54;3.93
40000;543970.64;157820.06;13.60;3.95
41000;557679.57;161503.03;13.60;3.94
42000;570441.58;166681.57;13.58;3.97
43000;583541.84;170772.76;13.57;3.97
44000;605102.31;173961.93;13.75;3.95
45000;617793.85;178533.31;13.73;3.97
46000;633037.48;182712.05;13.76;3.97
47000;650500.53;185603.65;13.84;3.95
48000;664229.43;191643.69;13.84;3.99
49000;682636.03;194958.21;13.93;3.98
50000;695431.52;199844.34;13.91;4.00
