n;c;s;c_n;s_n
1000;8141.10;2865.30;8.14;2.87
2000;17727.60;6133.00;8.86;3.07
3000;29250.70;9386.10;9.75;3.13
4000;40822.30;12860.30;10.21;3.22
5000;52682.30;16317.00;10.54;3.26
6000;65173.70;20068.80;10.86;3.34
7000;77100.70;24001.30;11.01;3.43
8000;89239.10;27580.40;11.15;3.45
9000;101198.70;31120.00;11.24;3.46
10000;118023.00;35536.60;11.80;3.55
11000;128162.70;39118.20;11.65;3.56
12000;141038.20;42485.00;11.75;3.54
13000;154697.20;46662.90;11.90;3.59
14000;169040.50;51237.10;12.07;3.66
15000;179874.00;54752.60;11.99;3.65
16000;192538.20;61127.80;12.03;3.82
17000;207932.00;62127.10;12.23;3.65
18000;220066.80;66914.30;12.23;3.72
19000;239781.20;72495.90;12.62;3.82
20000;254947.40;73041.70;12.75;3.65
21000;262187.10;78675.60;12.49;3.75
22000;275456.40;83488.80;12.52;3.79
23000;289700.00;87332.20;12.60;3.80
24000;302528.60;91453.90;12.61;3.81
25000;319410.90;94092.00;12.78;3.76
26000;343672.50;97300.70;13.22;3.74
27000;351527.50;101133.80;13.02;3.75
28000;368251.40;106765.60;13.15;3.81
29000;389066.40;109987.40;13.42;3.79
30000;393120.70;113910.80;13.10;3.80
31000;406601.70;118736.90;13.12;3.83
32000;420566.40;124675.10;13.14;3.90
33000;437005.60;127193.60;13.24;3.85
34000;443716.80;134497.80;13.05;3.96
35000;469028.50;135006.20;13.40;3.86
36000;476742.30;140376.10;13.24;3.90
37000;494501.00;145600.60;13.36;3.94
38000;507493.40;150829.00;13.36;3.97
39000;521162.10;155162.60;13.36;3.98
40000;554609.50;157416.30;13.87;3.94
41000;556263.40;160139.80;13.57;3.91
42000;568723.30;166621.10;13.54;3.97
43000;590723.60;169880.00;13.74;3.95
44000;601529.60;177412.50;13.67;4.03
45000;619494.50;179417.60;13.77;3.99
46000;636795.70;183116.60;13.84;3.98
47000;644358.70;190159.10;13.71;4.05
48000;675614.90;186392.20;14.08;3.88
49000;680026.10;196431.20;13.88;4.01
50000;697917.60;195905.20;13.96;3.92
