n;c;s;c_n;s_n
1000;9215.80;8982.90;9.22;8.98
2000;20419.30;19954.50;10.21;9.98
3000;32476.90;31903.90;10.83;10.63
4000;44857.40;43914.00;11.21;10.98
5000;57812.40;56827.30;11.56;11.37
6000;70930.20;69800.40;11.82;11.63
7000;84295.60;82850.80;12.04;11.84
8000;97676.00;95780.70;12.21;11.97
9000;111538.40;109569.40;12.39;12.17
10000;125579.60;123598.90;12.56;12.36
11000;139719.40;137579.90;12.70;12.51
12000;153860.10;151593.00;12.82;12.63
13000;168197.70;165636.40;12.94;12.74
14000;182488.80;179585.00;13.03;12.83
15000;196979.40;193662.00;13.13;12.91
16000;211364.40;207595.80;13.21;12.97
17000;226208.10;222279.40;13.31;13.08
18000;241125.10;237189.70;13.40;13.18
19000;256140.10;252179.80;13.48;13.27
20000;271214.80;267244.50;13.56;13.36
21000;286195.80;282189.70;13.63;13.44
22000;301354.80;297111.10;13.70;13.51
23000;316554.20;312231.20;13.76;13.58
24000;331735.70;327292.10;13.82;13.64
25000;346927.60;342241.50;13.88;13.69
26000;362242.70;357170.40;13.93;13.74
27000;377709.40;372270.60;13.99;13.79
28000;393012.00;387187.90;14.04;13.83
29000;408436.00;402274.30;14.08;13.87
30000;423910.80;417293.80;14.13;13.91
31000;439344.40;432216.50;14.17;13.94
32000;454799.00;447254.40;14.21;13.98
33000;470363.70;462487.50;14.25;14.01
34000;486224.40;478407.40;14.30;14.07
35000;502367.80;494532.00;14.35;14.13
36000;518359.50;510502.30;14.40;14.18
37000;534195.50;526378.20;14.44;14.23
38000;550333.40;542532.80;14.48;14.28
39000;566368.50;558514.50;14.52;14.32
40000;582353.50;574395.00;14.56;14.36
41000;598437.80;590493.90;14.60;14.40
42000;614596.30;606523.20;14.63;14.44
43000;630738.40;622431.10;14.67;14.48
44000;646827.70;638472.00;14.70;14.51
45000;662921.70;654502.90;14.73;14.54
46000;679102.50;670401.60;14.76;14.57
47000;695315.60;686560.70;14.79;14.61
48000;711451.90;702561.80;14.82;14.64
49000;727708.20;718468.90;14.85;14.66
50000;743968.40;734474.40;14.88;14.69
