n;c;s;c_n;s_n
1000;9205.00;8953.00;9.21;8.95
2000;20412.00;19915.00;10.21;9.96
3000;32472.00;31929.00;10.82;10.64
4000;44910.00;43958.00;11.23;10.99
5000;57838.00;56866.00;11.57;11.37
6000;70928.00;69841.00;11.82;11.64
7000;84266.00;82765.00;12.04;11.82
8000;97775.00;95836.00;12.22;11.98
9000;111662.00;109797.00;12.41;12.20
10000;125740.00;123700.00;12.57;12.37
11000;139687.00;137592.00;12.70;12.51
12000;153778.00;151482.00;12.81;12.62
13000;168262.00;165568.00;12.94;12.74
14000;182354.00;179508.00;13.03;12.82
15000;196935.00;193720.00;13.13;12.91
16000;211443.00;207576.00;13.22;12.97
17000;226256.00;222419.00;13.31;13.08
18000;241205.00;237211.00;13.40;13.18
19000;256231.00;252154.00;13.49;13.27
20000;271156.00;267276.00;13.56;13.36
21000;286257.00;282200.00;13.63;13.44
22000;301531.00;297435.00;13.71;13.52
23000;316801.00;312588.00;13.77;13.59
24000;331590.00;327225.00;13.82;13.63
25000;347098.00;342056.00;13.88;13.68
26000;362130.00;357079.00;13.93;13.73
27000;377646.00;372328.00;13.99;13.79
28000;392886.00;387186.00;14.03;13.83
29000;408352.00;402288.00;14.08;13.87
30000;423844.00;417238.00;14.13;13.91
31000;439372.00;432322.00;14.17;13.95
32000;454833.00;447310.00;14.21;13.98
33000;470381.00;462549.00;14.25;14.02
34000;486316.00;478601.00;14.30;14.08
35000;502193.00;494308.00;14.35;14.12
36000;518027.00;510268.00;14.39;14.17
37000;534202.00;526436.00;14.44;14.23
38000;550158.00;542388.00;14.48;14.27
39000;566170.00;558303.00;14.52;14.32
40000;582005.00;573952.00;14.55;14.35
41000;598388.00;590233.00;14.59;14.40
42000;614390.00;606362.00;14.63;14.44
43000;630693.00;622765.00;14.67;14.48
44000;646599.00;638227.00;14.70;14.51
45000;662900.00;654553.00;14.73;14.55
46000;678978.00;670492.00;14.76;14.58
47000;695261.00;686267.00;14.79;14.60
48000;711176.00;702274.00;14.82;14.63
49000;727762.00;718614.00;14.85;14.67
50000;744006.00;734668.00;14.88;14.69
