n;c;s;c_n;s_n
1000;9208.65;8973.96;9.21;8.97
2000;20426.55;19956.13;10.21;9.98
3000;32468.38;31903.95;10.82;10.63
4000;44841.85;43904.39;11.21;10.98
5000;57808.92;56822.45;11.56;11.36
6000;70938.26;69806.13;11.82;11.63
7000;84247.33;82795.80;12.04;11.83
8000;97686.53;95802.37;12.21;11.98
9000;111579.20;109625.62;12.40;12.18
10000;125592.38;123617.65;12.56;12.36
11000;139698.27;137610.68;12.70;12.51
12000;153880.67;151627.65;12.82;12.64
13000;168166.63;165630.32;12.94;12.74
14000;182526.94;179625.88;13.04;12.83
15000;196922.29;193605.95;13.13;12.91
16000;211371.37;207621.49;13.21;12.98
17000;226155.63;222235.89;13.30;13.07
18000;241144.41;237230.23;13.40;13.18
19000;256144.23;252233.99;13.48;13.28
20000;271203.41;267230.09;13.56;13.36
21000;286286.31;282231.26;13.63;13.44
22000;301423.75;297245.03;13.70;13.51
23000;316551.09;312230.77;13.76;13.58
24000;331724.77;327224.94;13.82;13.63
25000;346980.32;342237.47;13.88;13.69
26000;362325.84;357221.54;13.94;13.74
27000;377698.89;372257.48;13.99;13.79
28000;393068.42;387259.28;14.04;13.83
29000;408460.79;402239.01;14.08;13.87
30000;423870.42;417225.56;14.13;13.91
31000;439315.43;432211.31;14.17;13.94
32000;454771.86;447237.57;14.21;13.98
33000;470344.14;462463.60;14.25;14.01
34000;486303.29;478454.19;14.30;14.07
35000;502304.98;494449.11;14.35;14.13
36000;518289.78;510466.53;14.40;14.18
37000;534302.61;526483.49;14.44;14.23
38000;550298.66;542466.78;14.48;14.28
39000;566343.10;558450.95;14.52;14.32
40000;582375.35;574447.25;14.56;14.36
41000;598420.88;590448.41;14.60;14.40
42000;614534.77;606468.36;14.63;14.44
43000;630704.88;622474.09;14.67;14.48
44000;646802.46;638447.14;14.70;14.51
45000;662929.01;654446.64;14.73;14.54
46000;679130.41;670441.47;14.76;14.57
47000;695284.32;686471.73;14.79;14.61
48000;711409.39;702443.43;14.82;14.63
49000;727602.13;718460.63;14.85;14.66
50000;743931.02;734465.41;14.88;14.69
