n;c;s;c_n;s_n
1000;11231.50;6512.80;11.23;6.51
2000;24755.00;13538.60;12.38;6.77
3000;39013.00;22575.10;13.00;7.53
4000;54806.70;30179.00;13.70;7.54
5000;69970.30;38486.60;13.99;7.70
6000;86896.70;48241.50;14.48;8.04
7000;102316.20;58611.40;14.62;8.37
8000;123198.20;65522.10;15.40;8.19
9000;138707.50;77436.60;15.41;8.60
10000;154561.40;84336.80;15.46;8.43
11000;172252.80;96226.90;15.66;8.75
12000;193252.30;107510.70;16.10;8.96
13000;205795.50;114599.30;15.83;8.82
14000;225413.70;124071.60;16.10;8.86
15000;243638.40;134928.40;16.24;9.00
16000;270742.30;150953.40;16.92;9.43
17000;284378.90;157412.50;16.73;9.26
18000;298019.10;163112.50;16.56;9.06
19000;317023.00;172819.50;16.69;9.10
20000;338603.20;186474.60;16.93;9.32
21000;357505.10;195472.30;17.02;9.31
22000;376034.10;206698.10;17.09;9.40
23000;403083.30;222434.00;17.53;9.67
24000;414889.20;230696.60;17.29;9.61
25000;433048.50;232783.70;17.32;9.31
26000;450632.40;237591.80;17.33;9.14
27000;476924.90;260845.00;17.66;9.66
28000;503249.80;271782.10;17.97;9.71
29000;517579.30;288049.00;17.85;9.93
30000;528930.20;294593.60;17.63;9.82
31000;564581.40;300893.20;18.21;9.71
32000;567203.70;303446.50;17.73;9.48
33000;603140.50;324608.00;18.28;9.84
34000;621271.30;322017.80;18.27;9.47
35000;637335.40;346963.00;18.21;9.91
36000;659466.30;352968.80;18.32;9.80
37000;680702.10;379417.20;18.40;10.25
38000;692523.10;365308.00;18.22;9.61
39000;722368.50;394819.00;18.52;10.12
40000;743489.90;398051.20;18.59;9.95
41000;742910.50;405493.10;18.12;9.89
42000;772283.20;408438.40;18.39;9.72
43000;798511.90;434183.00;18.57;10.10
44000;809735.10;438219.30;18.40;9.96
45000;825109.00;441528.10;18.34;9.81
46000;868814.20;470282.70;18.89;10.22
47000;877495.60;474968.40;18.67;10.11
48000;905263.00;503525.30;18.86;10.49
49000;928723.20;506341.80;18.95;10.33
50000;948638.60;519036.60;18.97;10.38
