n;c;s;c_n;s_n
1000;10919.73;6233.14;10.92;6.23
2000;24556.09;13833.97;12.28;6.92
3000;39624.25;22297.12;13.21;7.43
4000;54880.32;30619.13;13.72;7.65
5000;70769.01;39201.03;14.15;7.84
6000;87537.21;48272.22;14.59;8.05
7000;104520.82;57936.22;14.93;8.28
8000;121268.42;66920.89;15.16;8.37
9000;137032.99;75901.18;15.23;8.43
10000;155374.05;86047.21;15.54;8.60
11000;175016.93;95634.80;15.91;8.69
12000;191314.64;105576.67;15.94;8.80
13000;210106.54;115739.03;16.16;8.90
14000;227659.45;125297.04;16.26;8.95
15000;245621.74;134871.77;16.37;8.99
16000;263046.40;144256.91;16.44;9.02
17000;283350.48;156314.46;16.67;9.19
18000;303950.73;165665.32;16.89;9.20
19000;321036.96;175990.13;16.90;9.26
20000;339876.44;185292.84;16.99;9.26
21000;357666.29;195864.57;17.03;9.33
22000;376706.23;205528.56;17.12;9.34
23000;396942.35;217756.23;17.26;9.47
24000;416778.09;224759.94;17.37;9.36
25000;435568.89;237482.32;17.42;9.50
26000;454898.98;250519.01;17.50;9.64
27000;473201.37;258389.74;17.53;9.57
28000;495712.44;269401.38;17.70;9.62
29000;513891.35;279294.75;17.72;9.63
30000;532388.54;289495.86;17.75;9.65
31000;556009.05;304691.33;17.94;9.83
32000;572338.02;310908.98;17.89;9.72
33000;594352.16;323998.40;18.01;9.82
34000;615118.68;334890.47;18.09;9.85
35000;634988.79;344832.64;18.14;9.85
36000;651242.42;353309.78;18.09;9.81
37000;671885.41;367680.49;18.16;9.94
38000;696690.67;376033.81;18.33;9.90
39000;715191.01;388554.85;18.34;9.96
40000;734020.02;400193.83;18.35;10.00
41000;758724.69;413321.97;18.51;10.08
42000;778767.17;421292.23;18.54;10.03
43000;798601.96;427786.39;18.57;9.95
44000;812286.14;442355.03;18.46;10.05
45000;836114.17;454121.32;18.58;10.09
46000;854209.26;464009.59;18.57;10.09
47000;877001.86;477756.30;18.66;10.17
48000;898054.74;486751.33;18.71;10.14
49000;916500.53;499734.22;18.70;10.20
50000;943408.41;506579.30;18.87;10.13
