n;c;s;c_n;s_n
1000;10972.25;6403.54;10.97;6.40
2000;24657.33;14062.34;12.33;7.03
3000;39460.16;22711.41;13.15;7.57
4000;55327.52;31185.37;13.83;7.80
5000;70957.89;40389.96;14.19;8.08
6000;86672.06;48746.78;14.45;8.12
7000;104138.31;58319.90;14.88;8.33
8000;121329.36;67704.68;15.17;8.46
9000;137641.74;76922.93;15.29;8.55
10000;155759.14;87358.20;15.58;8.74
11000;172180.14;97161.73;15.65;8.83
12000;190587.91;105718.73;15.88;8.81
13000;210045.94;117761.63;16.16;9.06
14000;227644.21;126895.58;16.26;9.06
15000;247995.51;137050.31;16.53;9.14
16000;265027.25;147988.04;16.56;9.25
17000;284320.14;157676.12;16.72;9.28
18000;301029.42;165752.89;16.72;9.21
19000;321274.24;178551.75;16.91;9.40
20000;339635.00;189246.31;16.98;9.46
21000;358459.83;197544.98;17.07;9.41
22000;375434.30;207912.13;17.07;9.45
23000;396049.57;218826.66;17.22;9.51
24000;414132.91;231376.69;17.26;9.64
25000;434062.07;242333.40;17.36;9.69
26000;458957.07;251525.50;17.65;9.67
27000;477626.29;262992.35;17.69;9.74
28000;495593.14;274166.91;17.70;9.79
29000;513744.15;284909.82;17.72;9.82
30000;532568.92;293440.09;17.75;9.78
31000;551384.96;304920.20;17.79;9.84
32000;572452.75;317267.62;17.89;9.91
33000;593986.43;326586.10;18.00;9.90
34000;611748.99;335304.75;17.99;9.86
35000;629616.74;348292.89;17.99;9.95
36000;652367.02;360888.52;18.12;10.02
37000;675618.85;370996.22;18.26;10.03
38000;693123.52;380621.82;18.24;10.02
39000;716112.34;396018.99;18.36;10.15
40000;734439.37;405819.52;18.36;10.15
41000;757183.34;414335.23;18.47;10.11
42000;779476.38;432787.08;18.56;10.30
43000;796990.91;442556.72;18.53;10.29
44000;814244.05;446656.89;18.51;10.15
45000;834005.98;457441.03;18.53;10.17
46000;855920.94;469017.72;18.61;10.20
47000;877776.35;483163.25;18.68;10.28
48000;900784.50;492440.68;18.77;10.26
49000;920557.01;507906.07;18.79;10.37
50000;939488.24;519542.34;18.79;10.39
