n;c;s;c_n;s_n
1000;10478.00;6031.00;10.48;6.03
2000;23141.00;13580.00;11.57;6.79
3000;38360.00;23499.00;12.79;7.83
4000;53517.00;28194.00;13.38;7.05
5000;68061.00;34908.00;13.61;6.98
6000;82946.00;49107.00;13.82;8.18
7000;101755.00;58969.00;14.54;8.42
8000;115173.00;65893.00;14.40;8.24
9000;138496.00;84727.00;15.39;9.41
10000;151305.00;83900.00;15.13;8.39
11000;167765.00;85561.00;15.25;7.78
12000;189483.00;105731.00;15.79;8.81
13000;209240.00;117132.00;16.10;9.01
14000;222414.00;119768.00;15.89;8.55
15000;235313.00;135835.00;15.69;9.06
16000;257950.00;133617.00;16.12;8.35
17000;272388.00;138103.00;16.02;8.12
18000;305056.00;181292.00;16.95;10.07
19000;314842.00;167746.00;16.57;8.83
20000;332324.00;183902.00;16.62;9.20
21000;348031.00;192484.00;16.57;9.17
22000;389745.00;234596.00;17.72;10.66
23000;433912.00;247657.00;18.87;10.77
24000;404396.00;208705.00;16.85;8.70
25000;457511.00;258631.00;18.30;10.35
26000;469404.00;251787.00;18.05;9.68
27000;463843.00;242045.00;17.18;8.96
28000;485136.00;253151.00;17.33;9.04
29000;547997.00;286920.00;18.90;9.89
30000;569969.00;315615.00;19.00;10.52
31000;577113.00;329523.00;18.62;10.63
32000;552417.00;301520.00;17.26;9.42
33000;594510.00;280526.00;18.02;8.50
34000;628346.00;358176.00;18.48;10.53
35000;634342.00;362116.00;18.12;10.35
36000;631540.00;337972.00;17.54;9.39
37000;678609.00;361305.00;18.34;9.77
38000;654402.00;354874.00;17.22;9.34
39000;703480.00;357283.00;18.04;9.16
40000;760276.00;398621.00;19.01;9.97
41000;729951.00;352824.00;17.80;8.61
42000;808594.00;422916.00;19.25;10.07
43000;809856.00;488730.00;18.83;11.37
44000;885565.00;509598.00;20.13;11.58
45000;796111.00;451291.00;17.69;10.03
46000;821962.00;460309.00;17.87;10.01
47000;867160.00;488153.00;18.45;10.39
48000;915078.00;495391.00;19.06;10.32
49000;919730.00;507731.00;18.77;10.36
50000;964833.00;554215.00;19.30;11.08
