n;c;s;c_n;s_n
1000;10677.30;6224.60;10.68;6.22
2000;24618.00;14228.30;12.31;7.11
3000;38840.00;22374.90;12.95;7.46
4000;56560.90;31850.10;14.14;7.96
5000;71750.60;41273.70;14.35;8.25
6000;87394.40;49760.60;14.57;8.29
7000;104614.80;58943.30;14.94;8.42
8000;121908.50;68484.10;15.24;8.56
9000;138121.30;77096.50;15.35;8.57
10000;155236.70;88560.90;15.52;8.86
11000;170835.60;93986.70;15.53;8.54
12000;193562.20;110294.50;16.13;9.19
13000;205907.50;113716.80;15.84;8.75
14000;225373.30;123060.80;16.10;8.79
15000;247615.90;133757.50;16.51;8.92
16000;259050.50;141834.40;16.19;8.86
17000;284721.20;161597.30;16.75;9.51
18000;301166.10;170202.20;16.73;9.46
19000;316006.50;177595.40;16.63;9.35
20000;336953.00;188070.10;16.85;9.40
21000;354562.30;198644.70;16.88;9.46
22000;377178.00;208962.40;17.14;9.50
23000;399203.50;225256.70;17.36;9.79
24000;414199.60;226753.80;17.26;9.45
25000;434338.00;236851.90;17.37;9.47
26000;452901.70;246918.60;17.42;9.50
27000;479764.10;260004.60;17.77;9.63
28000;499053.20;281604.80;17.82;10.06
29000;525443.60;289959.50;18.12;10.00
30000;531446.80;298356.80;17.71;9.95
31000;545732.90;303738.30;17.60;9.80
32000;575099.20;322168.00;17.97;10.07
33000;588281.30;329153.50;17.83;9.97
34000;609852.80;340272.40;17.94;10.01
35000;640432.50;357610.70;18.30;10.22
36000;641648.70;352258.00;17.82;9.78
37000;654322.50;354431.00;17.68;9.58
38000;696819.80;398598.20;18.34;10.49
39000;715047.30;388619.00;18.33;9.96
40000;729135.70;405663.60;18.23;10.14
41000;748368.10;408075.70;18.25;9.95
42000;770321.20;420067.70;18.34;10.00
43000;787566.10;435985.40;18.32;10.14
44000;821276.50;463256.60;18.67;10.53
45000;835300.50;449152.10;18.56;9.98
46000;850633.30;481579.10;18.49;10.47
47000;887098.40;473985.10;18.87;10.08
48000;895911.80;491309.20;18.66;10.24
49000;911491.60;497024.00;18.60;10.14
50000;940357.50;528302.80;18.81;10.57
