n;c;s;c_n;s_n
1000;11047.00;6896.00;11.05;6.90
2000;23809.00;14359.00;11.90;7.18
3000;37462.00;20101.00;12.49;6.70
4000;50409.00;28265.00;12.60;7.07
5000;66128.00;36724.00;13.23;7.34
6000;84022.00;45701.00;14.00;7.62
7000;107453.00;61636.00;15.35;8.81
8000;120295.00;67390.00;15.04;8.42
9000;143452.00;83757.00;15.94;9.31
10000;163803.00;93280.00;16.38;9.33
11000;187966.00;115660.00;17.09;10.51
12000;193323.00;104690.00;16.11;8.72
13000;203918.00;118565.00;15.69;9.12
14000;224904.00;131436.00;16.06;9.39
15000;248547.00;143173.00;16.57;9.54
16000;257751.00;148561.00;16.11;9.29
17000;265679.00;151040.00;15.63;8.88
18000;289188.00;162800.00;16.07;9.04
19000;327933.00;172754.00;17.26;9.09
20000;321019.00;171320.00;16.05;8.57
21000;347590.00;196086.00;16.55;9.34
22000;394692.00;206875.00;17.94;9.40
23000;375267.00;213586.00;16.32;9.29
24000;442619.00;253490.00;18.44;10.56
25000;422175.00;237323.00;16.89;9.49
26000;449076.00;250733.00;17.27;9.64
27000;476978.00;266063.00;17.67;9.85
28000;499245.00;277589.00;17.83;9.91
29000;504472.00;267086.00;17.40;9.21
30000;519638.00;297546.00;17.32;9.92
31000;570379.00;325440.00;18.40;10.50
32000;549783.00;305964.00;17.18;9.56
33000;592466.00;349160.00;17.95;10.58
34000;596164.00;323856.00;17.53;9.53
35000;617662.00;327382.00;17.65;9.35
36000;630343.00;330173.00;17.51;9.17
37000;648714.00;372573.00;17.53;10.07
38000;663831.00;362616.00;17.47;9.54
39000;709337.00;402166.00;18.19;10.31
40000;731093.00;389409.00;18.28;9.74
41000;731311.00;392963.00;17.84;9.58
42000;794479.00;399409.00;18.92;9.51
43000;792205.00;437196.00;18.42;10.17
44000;848112.00;413574.00;19.28;9.40
45000;805910.00;450772.00;17.91;10.02
46000;833607.00;462281.00;18.12;10.05
47000;876287.00;458661.00;18.64;9.76
48000;878919.00;483293.00;18.31;10.07
49000;905943.00;493990.00;18.49;10.08
50000;944943.00;511057.00;18.90;10.22
