n;c;s;c_n;s_n
1000;10987.00;4407.00;10.99;4.41
2000;25377.00;8683.00;12.69;4.34
3000;37348.00;15178.00;12.45;5.06
4000;51927.00;19340.00;12.98;4.83
5000;70019.00;25899.00;14.00;5.18
6000;90030.00;30763.00;15.01;5.13
7000;102236.00;32896.00;14.61;4.70
8000;116877.00;41684.00;14.61;5.21
9000;142746.00;47944.00;15.86;5.33
10000;145780.00;53311.00;14.58;5.33
11000;166550.00;62607.00;15.14;5.69
12000;194549.00;65510.00;16.21;5.46
13000;197216.00;73898.00;15.17;5.68
14000;218609.00;75631.00;15.61;5.40
15000;252057.00;81538.00;16.80;5.44
16000;255882.00;90871.00;15.99;5.68
17000;279977.00;94585.00;16.47;5.56
18000;284312.00;107222.00;15.80;5.96
19000;310488.00;107364.00;16.34;5.65
20000;318478.00;119141.00;15.92;5.96
21000;343586.00;131459.00;16.36;6.26
22000;353933.00;121497.00;16.09;5.52
23000;371059.00;142564.00;16.13;6.20
24000;427960.00;135519.00;17.83;5.65
25000;424274.00;157947.00;16.97;6.32
26000;437478.00;173393.00;16.83;6.67
27000;495264.00;159903.00;18.34;5.92
28000;472891.00;179150.00;16.89;6.40
29000;480459.00;170007.00;16.57;5.86
30000;532451.00;187120.00;17.75;6.24
31000;558207.00;190704.00;18.01;6.15
32000;529333.00;199986.00;16.54;6.25
33000;588824.00;210174.00;17.84;6.37
34000;606802.00;216083.00;17.85;6.36
35000;612364.00;211703.00;17.50;6.05
36000;619044.00;228587.00;17.20;6.35
37000;643663.00;231565.00;17.40;6.26
38000;654981.00;245031.00;17.24;6.45
39000;681317.00;252789.00;17.47;6.48
40000;681602.00;254151.00;17.04;6.35
41000;724682.00;267032.00;17.68;6.51
42000;763885.00;280622.00;18.19;6.68
43000;769600.00;273159.00;17.90;6.35
44000;815878.00;302352.00;18.54;6.87
45000;817900.00;320974.00;18.18;7.13
46000;833033.00;294963.00;18.11;6.41
47000;848753.00;293902.00;18.06;6.25
48000;852917.00;331024.00;17.77;6.90
49000;918261.00;317223.00;18.74;6.47
50000;896047.00;340297.00;17.92;6.81
