n;c;s;c_n;s_n
1000;10750.60;4113.50;10.75;4.11
2000;24451.30;9276.80;12.23;4.64
3000;38639.20;14240.70;12.88;4.75
4000;53745.70;19605.10;13.44;4.90
5000;67835.00;25417.20;13.57;5.08
6000;86096.50;31655.20;14.35;5.28
7000;101514.60;37574.10;14.50;5.37
8000;116987.10;42463.60;14.62;5.31
9000;133375.30;48973.30;14.82;5.44
10000;152821.00;55227.20;15.28;5.52
11000;168602.90;59933.70;15.33;5.45
12000;182985.30;69070.60;15.25;5.76
13000;203499.80;72561.40;15.65;5.58
14000;219033.80;79408.60;15.65;5.67
15000;236947.60;87356.70;15.80;5.82
16000;254744.60;94912.00;15.92;5.93
17000;268890.70;98804.70;15.82;5.81
18000;286473.00;109049.70;15.92;6.06
19000;310867.10;113596.10;16.36;5.98
20000;327484.20;120285.10;16.37;6.01
21000;341982.00;125657.10;16.28;5.98
22000;358399.50;136401.60;16.29;6.20
23000;388971.80;138798.10;16.91;6.03
24000;400897.30;144065.20;16.70;6.00
25000;424645.20;154234.10;16.99;6.17
26000;443930.30;159482.00;17.07;6.13
27000;456492.20;169349.90;16.91;6.27
28000;469467.50;175469.40;16.77;6.27
29000;498076.10;178922.10;17.18;6.17
30000;514621.00;184695.20;17.15;6.16
31000;541834.70;195657.30;17.48;6.31
32000;556386.20;200680.30;17.39;6.27
33000;568473.80;205218.70;17.23;6.22
34000;590768.40;209462.50;17.38;6.16
35000;607088.30;222867.90;17.35;6.37
36000;630014.40;228665.90;17.50;6.35
37000;648249.20;231140.20;17.52;6.25
38000;666406.60;237868.60;17.54;6.26
39000;685097.90;245930.10;17.57;6.31
40000;723188.00;250343.60;18.08;6.26
41000;727608.00;256926.00;17.75;6.27
42000;739528.30;266477.70;17.61;6.34
43000;770686.30;288915.90;17.92;6.72
44000;782207.10;283391.60;17.78;6.44
45000;810206.30;286633.40;18.00;6.37
46000;819443.50;298435.80;17.81;6.49
47000;856294.60;305121.10;18.22;6.49
48000;859225.50;306214.60;17.90;6.38
49000;879937.80;314237.70;17.96;6.41
50000;902982.10;330316.30;18.06;6.61
