n;c;s;c_n;s_n
1000;10748.33;4168.81;10.75;4.17
2000;23982.02;9153.63;11.99;4.58
3000;38526.03;14570.54;12.84;4.86
4000;53574.71;19963.47;13.39;4.99
5000;68519.26;25646.60;13.70;5.13
6000;84149.57;31686.47;14.02;5.28
7000;100667.89;37305.86;14.38;5.33
8000;117403.40;43305.06;14.68;5.41
9000;134100.76;49372.46;14.90;5.49
10000;150783.03;54973.52;15.08;5.50
11000;167793.36;62111.09;15.25;5.65
12000;185099.53;67831.11;15.42;5.65
13000;203054.58;74213.96;15.62;5.71
14000;220876.46;80040.69;15.78;5.72
15000;238351.88;87508.25;15.89;5.83
16000;256057.88;93178.50;16.00;5.82
17000;273684.35;99487.08;16.10;5.85
18000;293412.53;105753.02;16.30;5.88
19000;309994.56;112431.44;16.32;5.92
20000;330406.96;118703.81;16.52;5.94
21000;346000.93;125689.77;16.48;5.99
22000;362413.31;132003.76;16.47;6.00
23000;382960.00;138698.20;16.65;6.03
24000;402056.43;144809.73;16.75;6.03
25000;419392.70;152972.40;16.78;6.12
26000;437725.05;160357.72;16.84;6.17
27000;456495.17;165084.32;16.91;6.11
28000;475989.44;173177.59;17.00;6.18
29000;496445.95;180219.46;17.12;6.21
30000;515832.35;188288.98;17.19;6.28
31000;533619.48;193667.00;17.21;6.25
32000;554419.08;202062.79;17.33;6.31
33000;572781.84;207647.51;17.36;6.29
34000;590789.26;214446.98;17.38;6.31
35000;613028.00;222726.56;17.52;6.36
36000;631476.09;227567.20;17.54;6.32
37000;654080.34;233230.76;17.68;6.30
38000;668406.83;241177.34;17.59;6.35
39000;687620.45;250591.68;17.63;6.43
40000;709167.84;255376.13;17.73;6.38
41000;731340.93;260448.34;17.84;6.35
42000;747282.21;268564.99;17.79;6.39
43000;767743.48;276335.15;17.85;6.43
44000;789118.83;280144.52;17.93;6.37
45000;806979.35;294102.20;17.93;6.54
46000;829127.50;297544.30;18.02;6.47
47000;848112.58;304687.70;18.04;6.48
48000;862178.40;310101.04;17.96;6.46
49000;889786.90;318992.97;18.16;6.51
50000;910079.34;321428.60;18.20;6.43
