n;c;s;c_n;s_n
1000;9215.10;8980.20;9.22;8.98
2000;20415.10;19952.50;10.21;9.98
3000;32480.00;31913.10;10.83;10.64
4000;44839.00;43897.10;11.21;10.97
5000;57794.20;56821.80;11.56;11.36
6000;70921.10;69762.80;11.82;11.63
7000;84270.60;82797.60;12.04;11.83
8000;97678.80;95807.80;12.21;11.98
9000;111589.50;109606.20;12.40;12.18
10000;125601.00;123636.90;12.56;12.36
11000;139724.30;137693.00;12.70;12.52
12000;153884.30;151619.80;12.82;12.63
13000;168134.70;165626.80;12.93;12.74
14000;182526.30;179621.70;13.04;12.83
15000;196947.40;193598.50;13.13;12.91
16000;211330.80;207576.30;13.21;12.97
17000;226210.10;222270.70;13.31;13.07
18000;241105.80;237178.70;13.39;13.18
19000;256147.30;252232.10;13.48;13.28
20000;271171.30;267227.20;13.56;13.36
21000;286246.20;282159.40;13.63;13.44
22000;301395.90;297193.60;13.70;13.51
23000;316526.00;312172.50;13.76;13.57
24000;331730.60;327256.80;13.82;13.64
25000;346902.40;342216.40;13.88;13.69
26000;362321.60;357164.10;13.94;13.74
27000;377672.70;372199.90;13.99;13.79
28000;392995.00;387221.80;14.04;13.83
29000;408482.10;402250.00;14.09;13.87
30000;423962.50;417285.60;14.13;13.91
31000;439328.90;432198.40;14.17;13.94
32000;454766.80;447227.50;14.21;13.98
33000;470332.90;462558.40;14.25;14.02
34000;486358.50;478527.30;14.30;14.07
35000;502219.00;494425.40;14.35;14.13
36000;518198.20;510388.90;14.39;14.18
37000;534343.00;526547.50;14.44;14.23
38000;550207.70;542400.50;14.48;14.27
39000;566345.90;558472.30;14.52;14.32
40000;582429.40;574435.90;14.56;14.36
41000;598410.70;590375.10;14.60;14.40
42000;614585.80;606489.30;14.63;14.44
43000;630629.20;622383.10;14.67;14.47
44000;646828.60;638469.20;14.70;14.51
45000;662919.10;654450.90;14.73;14.54
46000;679104.10;670439.40;14.76;14.57
47000;695393.70;686545.80;14.80;14.61
48000;711516.90;702453.20;14.82;14.63
49000;727678.00;718452.90;14.85;14.66
50000;743963.60;734503.00;14.88;14.69
