n;c;s;c_n;s_n
1000;9213.10;8974.90;9.21;8.97
2000;20424.67;19953.31;10.21;9.98
3000;32466.44;31901.75;10.82;10.63
4000;44838.84;43906.23;11.21;10.98
5000;57808.05;56816.51;11.56;11.36
6000;70927.49;69804.94;11.82;11.63
7000;84261.41;82814.53;12.04;11.83
8000;97681.09;95804.31;12.21;11.98
9000;111551.97;109608.91;12.39;12.18
10000;125611.08;123637.50;12.56;12.36
11000;139715.52;137620.81;12.70;12.51
12000;153863.72;151597.92;12.82;12.63
13000;168144.36;165612.82;12.93;12.74
14000;182531.05;179612.37;13.04;12.83
15000;196958.08;193617.97;13.13;12.91
16000;211407.45;207632.86;13.21;12.98
17000;226151.64;222226.57;13.30;13.07
18000;241139.89;237235.66;13.40;13.18
19000;256150.73;252234.52;13.48;13.28
20000;271196.87;267235.92;13.56;13.36
21000;286270.93;282223.84;13.63;13.44
22000;301410.06;297258.58;13.70;13.51
23000;316569.29;312234.24;13.76;13.58
24000;331741.21;327237.11;13.82;13.63
25000;346953.63;342218.00;13.88;13.69
26000;362315.30;357216.62;13.94;13.74
27000;377663.67;372227.67;13.99;13.79
28000;393077.54;387233.93;14.04;13.83
29000;408446.22;402226.75;14.08;13.87
30000;423862.42;417214.10;14.13;13.91
31000;439296.39;432214.85;14.17;13.94
32000;454754.47;447234.92;14.21;13.98
33000;470332.99;462454.83;14.25;14.01
34000;486279.01;478439.34;14.30;14.07
35000;502286.13;494459.94;14.35;14.13
36000;518289.41;510495.08;14.40;14.18
37000;534290.78;526465.19;14.44;14.23
38000;550328.55;542468.20;14.48;14.28
39000;566343.93;558471.37;14.52;14.32
40000;582389.19;574496.50;14.56;14.36
41000;598407.63;590455.08;14.60;14.40
42000;614555.39;606477.75;14.63;14.44
43000;630723.56;622477.54;14.67;14.48
44000;646821.71;638462.34;14.70;14.51
45000;662969.81;654468.83;14.73;14.54
46000;679121.47;670450.37;14.76;14.58
47000;695295.34;686459.16;14.79;14.61
48000;711423.66;702475.41;14.82;14.63
49000;727615.16;718476.88;14.85;14.66
50000;743917.65;734454.62;14.88;14.69
