n;c;s;c_n;s_n
1000;9222.00;9005.00;9.22;9.01
2000;20429.00;19953.00;10.21;9.98
3000;32441.00;31812.00;10.81;10.60
4000;44760.00;43845.00;11.19;10.96
5000;57732.00;56716.00;11.55;11.34
6000;70856.00;69744.00;11.81;11.62
7000;84356.00;82880.00;12.05;11.84
8000;97668.00;95715.00;12.21;11.96
9000;111557.00;109588.00;12.40;12.18
10000;125611.00;123529.00;12.56;12.35
11000;139630.00;137736.00;12.69;12.52
12000;153858.00;151577.00;12.82;12.63
13000;168001.00;165480.00;12.92;12.73
14000;182612.00;179710.00;13.04;12.84
15000;196849.00;193564.00;13.12;12.90
16000;211266.00;207490.00;13.20;12.97
17000;226256.00;222222.00;13.31;13.07
18000;241170.00;237275.00;13.40;13.18
19000;256235.00;252360.00;13.49;13.28
20000;271079.00;266936.00;13.55;13.35
21000;286332.00;282332.00;13.63;13.44
22000;301471.00;297349.00;13.70;13.52
23000;316578.00;312243.00;13.76;13.58
24000;331780.00;327199.00;13.82;13.63
25000;346906.00;342304.00;13.88;13.69
26000;362288.00;357195.00;13.93;13.74
27000;377706.00;372302.00;13.99;13.79
28000;393183.00;387428.00;14.04;13.84
29000;408487.00;402186.00;14.09;13.87
30000;424016.00;417333.00;14.13;13.91
31000;439452.00;432397.00;14.18;13.95
32000;454721.00;447231.00;14.21;13.98
33000;470504.00;462541.00;14.26;14.02
34000;486505.00;478508.00;14.31;14.07
35000;502550.00;494958.00;14.36;14.14
36000;518592.00;510861.00;14.41;14.19
37000;534365.00;526422.00;14.44;14.23
38000;550308.00;542519.00;14.48;14.28
39000;566123.00;558130.00;14.52;14.31
40000;582297.00;574540.00;14.56;14.36
41000;598232.00;590268.00;14.59;14.40
42000;614557.00;606594.00;14.63;14.44
43000;630864.00;622451.00;14.67;14.48
44000;646399.00;638170.00;14.69;14.50
45000;662801.00;654216.00;14.73;14.54
46000;678828.00;670165.00;14.76;14.57
47000;695524.00;686721.00;14.80;14.61
48000;711401.00;702393.00;14.82;14.63
49000;727750.00;718474.00;14.85;14.66
50000;743753.00;734559.00;14.88;14.69
