n;c;s;c_n;s_n
1000;8707.55;19952.00;8.71;19.95
2000;19411.85;43904.00;9.71;21.95
3000;30914.53;69808.00;10.30;23.27
4000;42821.57;95808.00;10.71;23.95
5000;55222.83;123616.00;11.04;24.72
6000;67830.25;151616.00;11.31;25.27
7000;80685.40;179616.00;11.53;25.66
8000;93650.13;207616.00;11.71;25.95
9000;106968.64;237232.00;11.89;26.36
10000;120461.45;267232.00;12.05;26.72
11000;134031.67;297232.00;12.18;27.02
12000;147683.87;327232.00;12.31;27.27
13000;161472.38;357232.00;12.42;27.48
14000;175345.83;387232.00;12.52;27.66
15000;189311.36;417232.00;12.62;27.82
16000;203279.30;447232.00;12.70;27.95
17000;217534.06;478464.00;12.80;28.14
18000;231966.64;510464.00;12.89;28.36
19000;246421.59;542464.00;12.97;28.55
20000;260886.59;574464.00;13.04;28.72
21000;275459.67;606464.00;13.12;28.88
22000;290061.42;638464.00;13.18;29.02
23000;304685.34;670464.00;13.25;29.15
24000;319358.49;702464.00;13.31;29.27
25000;334100.14;734464.00;13.36;29.38
26000;348954.14;766464.00;13.42;29.48
27000;363832.44;798464.00;13.48;29.57
28000;378714.57;830464.00;13.53;29.66
29000;393630.80;862464.00;13.57;29.74
30000;408602.24;894464.00;13.62;29.82
31000;423547.65;926464.00;13.66;29.89
32000;438576.37;958464.00;13.71;29.95
33000;453661.49;990928.00;13.75;30.03
34000;469082.20;1024928.00;13.80;30.14
35000;484464.49;1058928.00;13.84;30.26
36000;499902.39;1092928.00;13.89;30.36
37000;515355.05;1126928.00;13.93;30.46
38000;530800.33;1160928.00;13.97;30.55
39000;546291.08;1194928.00;14.01;30.64
40000;561793.73;1228928.00;14.04;30.72
41000;577308.03;1262928.00;14.08;30.80
42000;592889.29;1296928.00;14.12;30.88
43000;608487.33;1330928.00;14.15;30.95
44000;624121.57;1364928.00;14.18;31.02
45000;639756.20;1398928.00;14.22;31.09
46000;655378.99;1432928.00;14.25;31.15
47000;671040.81;1466928.00;14.28;31.21
48000;686706.07;1500928.00;14.31;31.27
49000;702357.46;1534928.00;14.33;31.33
50000;718199.64;1568928.00;14.36;31.38
