n;c;s;c_n;s_n
1000;8702.10;19952.00;8.70;19.95
2000;19400.90;43904.00;9.70;21.95
3000;30904.90;69808.00;10.30;23.27
4000;42810.10;95808.00;10.70;23.95
5000;55240.10;123616.00;11.05;24.72
6000;67840.30;151616.00;11.31;25.27
7000;80687.30;179616.00;11.53;25.66
8000;93640.80;207616.00;11.71;25.95
9000;106961.90;237232.00;11.88;26.36
10000;120480.70;267232.00;12.05;26.72
11000;134015.00;297232.00;12.18;27.02
12000;147652.00;327232.00;12.30;27.27
13000;161480.30;357232.00;12.42;27.48
14000;175318.10;387232.00;12.52;27.66
15000;189273.10;417232.00;12.62;27.82
16000;203276.10;447232.00;12.70;27.95
17000;217570.50;478464.00;12.80;28.14
18000;231943.80;510464.00;12.89;28.36
19000;246469.80;542464.00;12.97;28.55
20000;260934.10;574464.00;13.05;28.72
21000;275452.70;606464.00;13.12;28.88
22000;290036.70;638464.00;13.18;29.02
23000;304761.40;670464.00;13.25;29.15
24000;319356.40;702464.00;13.31;29.27
25000;334170.50;734464.00;13.37;29.38
26000;348895.20;766464.00;13.42;29.48
27000;363831.70;798464.00;13.48;29.57
28000;378765.00;830464.00;13.53;29.66
29000;393661.70;862464.00;13.57;29.74
30000;408581.70;894464.00;13.62;29.82
31000;423592.00;926464.00;13.66;29.89
32000;438546.10;958464.00;13.70;29.95
33000;453699.80;990928.00;13.75;30.03
34000;469101.70;1024928.00;13.80;30.14
35000;484466.20;1058928.00;13.84;30.26
36000;499936.90;1092928.00;13.89;30.36
37000;515320.70;1126928.00;13.93;30.46
38000;530790.80;1160928.00;13.97;30.55
39000;546316.20;1194928.00;14.01;30.64
40000;561835.70;1228928.00;14.05;30.72
41000;577344.60;1262928.00;14.08;30.80
42000;592885.80;1296928.00;14.12;30.88
43000;608492.30;1330928.00;14.15;30.95
44000;624152.30;1364928.00;14.19;31.02
45000;639690.60;1398928.00;14.22;31.09
46000;655355.00;1432928.00;14.25;31.15
47000;671068.40;1466928.00;14.28;31.21
48000;686684.20;1500928.00;14.31;31.27
49000;702366.20;1534928.00;14.33;31.33
50000;718085.00;1568928.00;14.36;31.38
