n;c;s;c_n;s_n
1000;8705.00;19952.00;8.71;19.95
2000;19393.00;43904.00;9.70;21.95
3000;30871.00;69808.00;10.29;23.27
4000;42823.00;95808.00;10.71;23.95
5000;55200.00;123616.00;11.04;24.72
6000;67897.00;151616.00;11.32;25.27
7000;80637.00;179616.00;11.52;25.66
8000;93604.00;207616.00;11.70;25.95
9000;106977.00;237232.00;11.89;26.36
10000;120445.00;267232.00;12.04;26.72
11000;134007.00;297232.00;12.18;27.02
12000;147628.00;327232.00;12.30;27.27
13000;161418.00;357232.00;12.42;27.48
14000;175398.00;387232.00;12.53;27.66
15000;189346.00;417232.00;12.62;27.82
16000;203097.00;447232.00;12.69;27.95
17000;217592.00;478464.00;12.80;28.14
18000;231854.00;510464.00;12.88;28.36
19000;246379.00;542464.00;12.97;28.55
20000;260974.00;574464.00;13.05;28.72
21000;275555.00;606464.00;13.12;28.88
22000;290232.00;638464.00;13.19;29.02
23000;304781.00;670464.00;13.25;29.15
24000;319448.00;702464.00;13.31;29.27
25000;334296.00;734464.00;13.37;29.38
26000;348882.00;766464.00;13.42;29.48
27000;363814.00;798464.00;13.47;29.57
28000;378803.00;830464.00;13.53;29.66
29000;393738.00;862464.00;13.58;29.74
30000;408439.00;894464.00;13.61;29.82
31000;423366.00;926464.00;13.66;29.89
32000;438594.00;958464.00;13.71;29.95
33000;453617.00;990928.00;13.75;30.03
34000;468998.00;1024928.00;13.79;30.14
35000;484679.00;1058928.00;13.85;30.26
36000;499786.00;1092928.00;13.88;30.36
37000;515283.00;1126928.00;13.93;30.46
38000;530494.00;1160928.00;13.96;30.55
39000;546125.00;1194928.00;14.00;30.64
40000;561707.00;1228928.00;14.04;30.72
41000;577191.00;1262928.00;14.08;30.80
42000;592653.00;1296928.00;14.11;30.88
43000;608707.00;1330928.00;14.16;30.95
44000;624014.00;1364928.00;14.18;31.02
45000;639730.00;1398928.00;14.22;31.09
46000;655335.00;1432928.00;14.25;31.15
47000;671225.00;1466928.00;14.28;31.21
48000;686733.00;1500928.00;14.31;31.27
49000;702098.00;1534928.00;14.33;31.33
50000;718255.00;1568928.00;14.37;31.38
