n;c;s;c_n;s_n
1000;11657.00;7563.00;11.66;7.56
2000;25579.00;15187.00;12.79;7.59
3000;38459.00;22011.00;12.82;7.34
4000;60379.00;33824.00;15.09;8.46
5000;69466.00;35506.00;13.89;7.10
6000;86625.00;46957.00;14.44;7.83
7000;107751.00;64636.00;15.39;9.23
8000;125406.00;68528.00;15.68;8.57
9000;141469.00;79444.00;15.72;8.83
10000;154008.00;82935.00;15.40;8.29
11000;167093.00;87632.00;15.19;7.97
12000;183437.00;94169.00;15.29;7.85
13000;201714.00;120704.00;15.52;9.28
14000;233562.00;127316.00;16.68;9.09
15000;235228.00;125775.00;15.68;8.38
16000;271693.00;151260.00;16.98;9.45
17000;267019.00;147513.00;15.71;8.68
18000;307458.00;173744.00;17.08;9.65
19000;308473.00;166313.00;16.24;8.75
20000;333971.00;186735.00;16.70;9.34
21000;350541.00;204832.00;16.69;9.75
22000;374049.00;192125.00;17.00;8.73
23000;408855.00;222696.00;17.78;9.68
24000;421403.00;252251.00;17.56;10.51
25000;460348.00;239517.00;18.41;9.58
26000;461441.00;261422.00;17.75;10.05
27000;481630.00;253757.00;17.84;9.40
28000;474420.00;279727.00;16.94;9.99
29000;509701.00;285681.00;17.58;9.85
30000;559467.00;315815.00;18.65;10.53
31000;567894.00;314191.00;18.32;10.14
32000;567433.00;311890.00;17.73;9.75
33000;604874.00;320520.00;18.33;9.71
34000;613560.00;339681.00;18.05;9.99
35000;639289.00;356848.00;18.27;10.20
36000;663207.00;373541.00;18.42;10.38
37000;704711.00;415371.00;19.05;11.23
38000;715362.00;396054.00;18.83;10.42
39000;676942.00;381940.00;17.36;9.79
40000;700185.00;364102.00;17.50;9.10
41000;724929.00;388982.00;17.68;9.49
42000;775175.00;465019.00;18.46;11.07
43000;795025.00;462105.00;18.49;10.75
44000;786610.00;424254.00;17.88;9.64
45000;884017.00;481170.00;19.64;10.69
46000;955639.00;431017.00;20.77;9.37
47000;874022.00;502648.00;18.60;10.69
48000;942607.00;494888.00;19.64;10.31
49000;884441.00;517162.00;18.05;10.55
50000;980475.00;583002.00;19.61;11.66
