n;c;s;c_n;s_n
1000;10720.90;6255.50;10.72;6.26
2000;24261.30;13431.50;12.13;6.72
3000;39934.90;22289.20;13.31;7.43
4000;56900.90;33342.20;14.23;8.34
5000;71096.90;39274.50;14.22;7.85
6000;88293.70;48499.50;14.72;8.08
7000;105392.90;57839.00;15.06;8.26
8000;118957.90;65827.60;14.87;8.23
9000;139503.90;77435.00;15.50;8.60
10000;155754.40;85545.00;15.58;8.55
11000;172513.00;95383.80;15.68;8.67
12000;194447.90;107150.60;16.20;8.93
13000;214807.40;116704.30;16.52;8.98
14000;226375.20;126931.10;16.17;9.07
15000;247294.10;136668.00;16.49;9.11
16000;263178.30;146639.20;16.45;9.16
17000;286708.10;153981.20;16.87;9.06
18000;300014.80;161654.00;16.67;8.98
19000;321599.00;172508.80;16.93;9.08
20000;338513.80;186455.60;16.93;9.32
21000;360842.20;195889.30;17.18;9.33
22000;368715.80;204043.10;16.76;9.27
23000;393290.60;217860.20;17.10;9.47
24000;413617.20;225115.30;17.23;9.38
25000;434653.90;233541.60;17.39;9.34
26000;462838.10;246301.50;17.80;9.47
27000;473282.30;262816.30;17.53;9.73
28000;487962.00;267136.20;17.43;9.54
29000;521668.30;286026.30;17.99;9.86
30000;536944.80;291119.00;17.90;9.70
31000;560584.80;305580.00;18.08;9.86
32000;585078.60;312146.90;18.28;9.75
33000;602830.00;329042.50;18.27;9.97
34000;611881.20;333158.20;18.00;9.80
35000;639542.10;354088.40;18.27;10.12
36000;655737.70;355400.80;18.21;9.87
37000;678250.70;360394.70;18.33;9.74
38000;687739.80;367922.50;18.10;9.68
39000;723811.10;406961.00;18.56;10.43
40000;729818.20;402696.90;18.25;10.07
41000;750230.20;402429.90;18.30;9.82
42000;785094.30;428316.20;18.69;10.20
43000;800301.20;419311.90;18.61;9.75
44000;820602.00;443444.90;18.65;10.08
45000;831035.90;431885.80;18.47;9.60
46000;852735.60;464227.10;18.54;10.09
47000;874111.70;480066.60;18.60;10.21
48000;898226.20;480617.40;18.71;10.01
49000;919553.80;494400.70;18.77;10.09
50000;946921.50;504589.40;18.94;10.09
