n;c;s;c_n;s_n
1000;10508.90;6164.20;10.51;6.16
2000;24750.80;14423.00;12.38;7.21
3000;39170.00;22153.30;13.06;7.38
4000;53998.50;30976.80;13.50;7.74
5000;70384.60;40824.50;14.08;8.16
6000;87577.90;48657.50;14.60;8.11
7000;102462.00;60284.80;14.64;8.61
8000;121270.00;67749.10;15.16;8.47
9000;138982.50;77275.70;15.44;8.59
10000;157095.60;88964.90;15.71;8.90
11000;174446.30;94657.80;15.86;8.61
12000;191156.70;108778.00;15.93;9.06
13000;206447.40;114656.60;15.88;8.82
14000;228205.10;130901.40;16.30;9.35
15000;239043.10;133416.00;15.94;8.89
16000;268804.70;150666.80;16.80;9.42
17000;280947.10;155213.40;16.53;9.13
18000;304031.40;164970.50;16.89;9.17
19000;317019.40;174593.70;16.69;9.19
20000;337439.30;188735.20;16.87;9.44
21000;367253.40;206801.20;17.49;9.85
22000;376685.90;205957.70;17.12;9.36
23000;397578.30;218773.20;17.29;9.51
24000;414164.30;225037.70;17.26;9.38
25000;436164.70;239903.50;17.45;9.60
26000;455283.40;251192.60;17.51;9.66
27000;471134.50;261826.20;17.45;9.70
28000;490865.60;282346.60;17.53;10.08
29000;515629.90;288933.00;17.78;9.96
30000;522675.70;287760.90;17.42;9.59
31000;553970.00;304783.10;17.87;9.83
32000;575665.20;315155.40;17.99;9.85
33000;583583.10;327970.60;17.68;9.94
34000;608553.00;337931.20;17.90;9.94
35000;635706.70;354901.90;18.16;10.14
36000;661406.60;358567.20;18.37;9.96
37000;672699.20;363990.80;18.18;9.84
38000;683358.90;373483.70;17.98;9.83
39000;710707.40;394135.20;18.22;10.11
40000;741930.30;403705.10;18.55;10.09
41000;746096.10;416787.70;18.20;10.17
42000;779134.50;431388.30;18.55;10.27
43000;789733.60;435566.30;18.37;10.13
44000;813088.70;463535.90;18.48;10.53
45000;832462.00;456894.80;18.50;10.15
46000;837261.50;459088.70;18.20;9.98
47000;875220.80;480251.50;18.62;10.22
48000;890597.30;493638.00;18.55;10.28
49000;911438.70;503017.90;18.60;10.27
50000;933733.40;511172.70;18.67;10.22
