n;c;s;c_n;s_n
1000;10932.38;6371.17;10.93;6.37
2000;24799.64;14162.27;12.40;7.08
3000;39277.67;22461.45;13.09;7.49
4000;55024.78;31514.56;13.76;7.88
5000;70988.00;40392.34;14.20;8.08
6000;87257.79;49444.84;14.54;8.24
7000;104221.04;58839.05;14.89;8.41
8000;121318.14;67930.25;15.16;8.49
9000;138351.77;77507.93;15.37;8.61
10000;155985.07;86909.96;15.60;8.69
11000;173663.51;97238.31;15.79;8.84
12000;191141.10;105982.66;15.93;8.83
13000;209650.76;117008.48;16.13;9.00
14000;226542.97;127440.71;16.18;9.10
15000;244044.65;134369.11;16.27;8.96
16000;264491.40;146757.59;16.53;9.17
17000;281336.11;157802.61;16.55;9.28
18000;302573.69;166933.65;16.81;9.27
19000;318412.65;176251.29;16.76;9.28
20000;339543.69;189783.79;16.98;9.49
21000;360560.58;200737.15;17.17;9.56
22000;376184.05;209057.78;17.10;9.50
23000;396719.62;218859.27;17.25;9.52
24000;415979.33;230366.12;17.33;9.60
25000;435007.01;240745.09;17.40;9.63
26000;456302.21;253751.06;17.55;9.76
27000;473629.22;260120.62;17.54;9.63
28000;497249.66;277000.50;17.76;9.89
29000;516501.73;286346.53;17.81;9.87
30000;530548.04;290108.41;17.68;9.67
31000;553443.54;306860.43;17.85;9.90
32000;572363.64;317134.57;17.89;9.91
33000;592228.43;328232.47;17.95;9.95
34000;612705.66;337498.67;18.02;9.93
35000;637924.37;351257.86;18.23;10.04
36000;653792.36;360037.54;18.16;10.00
37000;672314.40;368670.18;18.17;9.96
38000;692517.73;382471.55;18.22;10.07
39000;715902.68;393483.56;18.36;10.09
40000;733893.49;404970.98;18.35;10.12
41000;752600.66;412157.99;18.36;10.05
42000;778616.61;426483.23;18.54;10.15
43000;794037.76;440625.37;18.47;10.25
44000;813642.77;448338.24;18.49;10.19
45000;834714.59;455076.62;18.55;10.11
46000;856257.90;471289.60;18.61;10.25
47000;879111.51;484972.24;18.70;10.32
48000;900314.25;492374.74;18.76;10.26
49000;920505.76;504367.31;18.79;10.29
50000;943269.50;522847.25;18.87;10.46
