n;c;s;c_n;s_n
1000;11623.00;6534.00;11.62;6.53
2000;27872.00;13523.00;13.94;6.76
3000;38182.00;19664.00;12.73;6.55
4000;53417.00;32591.00;13.35;8.15
5000;71750.00;37436.00;14.35;7.49
6000;86091.00;47239.00;14.35;7.87
7000;100101.00;54411.00;14.30;7.77
8000;117144.00;62306.00;14.64;7.79
9000;131635.00;77463.00;14.63;8.61
10000;175911.00;109589.00;17.59;10.96
11000;163852.00;87724.00;14.90;7.97
12000;196673.00;109741.00;16.39;9.15
13000;222536.00;132439.00;17.12;10.19
14000;236747.00;134419.00;16.91;9.60
15000;247757.00;136778.00;16.52;9.12
16000;256646.00;126018.00;16.04;7.88
17000;290909.00;151007.00;17.11;8.88
18000;296830.00;165344.00;16.49;9.19
19000;313384.00;183517.00;16.49;9.66
20000;349193.00;171311.00;17.46;8.57
21000;357122.00;207089.00;17.01;9.86
22000;410705.00;225235.00;18.67;10.24
23000;374973.00;199454.00;16.30;8.67
24000;401700.00;220715.00;16.74;9.20
25000;460491.00;251907.00;18.42;10.08
26000;435246.00;216480.00;16.74;8.33
27000;457617.00;255268.00;16.95;9.45
28000;495924.00;271302.00;17.71;9.69
29000;485364.00;261658.00;16.74;9.02
30000;576447.00;297684.00;19.21;9.92
31000;574078.00;321541.00;18.52;10.37
32000;542956.00;294121.00;16.97;9.19
33000;582543.00;325051.00;17.65;9.85
34000;641216.00;372928.00;18.86;10.97
35000;615150.00;320871.00;17.58;9.17
36000;638209.00;374617.00;17.73;10.41
37000;659417.00;347040.00;17.82;9.38
38000;659896.00;368095.00;17.37;9.69
39000;734401.00;374045.00;18.83;9.59
40000;709795.00;374353.00;17.74;9.36
41000;763139.00;439544.00;18.61;10.72
42000;761505.00;401751.00;18.13;9.57
43000;801979.00;451196.00;18.65;10.49
44000;784904.00;418333.00;17.84;9.51
45000;868122.00;484770.00;19.29;10.77
46000;832053.00;440912.00;18.09;9.59
47000;855402.00;456593.00;18.20;9.71
48000;884991.00;487534.00;18.44;10.16
49000;964457.00;464497.00;19.68;9.48
50000;921829.00;468792.00;18.44;9.38
