n;c;s;c_n;s_n
1000;10940.69;6290.99;10.94;6.29
2000;24865.89;14042.53;12.43;7.02
3000;39931.49;22245.08;13.31;7.42
4000;54718.34;30640.68;13.68;7.66
5000;70752.99;39395.66;14.15;7.88
6000;87178.65;49195.51;14.53;8.20
7000;103749.34;57168.11;14.82;8.17
8000;120483.74;66786.21;15.06;8.35
9000;137959.98;76618.48;15.33;8.51
10000;155588.76;86219.72;15.56;8.62
11000;173725.71;95909.79;15.79;8.72
12000;190722.69;104960.93;15.89;8.75
13000;208977.21;113926.49;16.08;8.76
14000;227289.90;123808.30;16.23;8.84
15000;246959.87;136195.12;16.46;9.08
16000;264087.53;144734.95;16.51;9.05
17000;281628.33;153640.52;16.57;9.04
18000;302640.10;165552.37;16.81;9.20
19000;322772.94;177970.22;16.99;9.37
20000;338894.44;184903.08;16.94;9.25
21000;358957.65;198021.27;17.09;9.43
22000;379210.51;209448.95;17.24;9.52
23000;399339.34;218024.54;17.36;9.48
24000;414315.51;227814.14;17.26;9.49
25000;437006.36;238170.54;17.48;9.53
26000;456221.52;248657.56;17.55;9.56
27000;478854.79;260295.61;17.74;9.64
28000;494133.63;270817.67;17.65;9.67
29000;516864.76;283680.27;17.82;9.78
30000;532913.46;289084.25;17.76;9.64
31000;550773.80;298872.05;17.77;9.64
32000;574278.35;313465.85;17.95;9.80
33000;594079.02;323354.84;18.00;9.80
34000;610149.07;332244.92;17.95;9.77
35000;634171.80;345823.93;18.12;9.88
36000;648987.24;351885.08;18.03;9.77
37000;673117.73;366511.40;18.19;9.91
38000;692856.34;373140.23;18.23;9.82
39000;711350.10;386763.11;18.24;9.92
40000;732869.34;399643.96;18.32;9.99
41000;752100.92;407921.74;18.34;9.95
42000;777703.85;423076.15;18.52;10.07
43000;793587.71;429933.00;18.46;10.00
44000;812915.56;441540.82;18.48;10.04
45000;833556.30;452408.23;18.52;10.05
46000;857888.91;463518.87;18.65;10.08
47000;873933.94;477183.51;18.59;10.15
48000;897758.04;487688.48;18.70;10.16
49000;925296.03;497199.35;18.88;10.15
50000;940331.98;510107.32;18.81;10.20
